ns = [100.0, 162.0, 260.0, 418.0, 673.0, 1083.0, 1744.0, 2808.0, 4521.0, 7279.0, 11722.0, 18874.0, 30392.0, 48940.0, 78805.0, 126897.0, 204336.0, 329035.0, 529832.0, 853168.0, 1373824.0, 2212217.0, 3562248.0, 5736153.0, 9236709.0, 14873522.0, 23950267.0, 38566205.0, 62101695.0, 100000000.0]
trows = [1.8028495833277703e-06, 1.7683603800833226e-06, 1.7465394921600818e-06, 1.8272083252668381e-06, 1.9328901544213297e-06, 2.0481599494814874e-06, 4.2674597352743145e-06, 2.466060686856508e-06, 3.0821794643998147e-06, 3.4415884874761105e-06, 4.785151686519384e-06, 5.897970404475927e-06, 1.2848188634961844e-05, 1.9060319755226373e-05, 4.942846950143576e-05, 9.874538984149694e-05, 0.00016290239989757537, 0.00031548128928989173, 0.0007779115508310497, 0.0013926918897777796, 0.0023663794295862317, 0.0034468120289966463, 0.005507179771084339, 0.014532314010430127, 0.023538265810348093, 0.03660236553987488, 0.0602181812399067, 0.09984306717058644, 0.15423222806071862, 0.252884252560325]
